loss : 3.956964 
loss : 4.121289 
loss : 4.210003 
loss : 4.129999 
